9999999999999999999999
999                   
 99                   
  99                  
   99                 
    99                
     99               
      99              
       99             
        99            
         99           
          99          
           99         
            99        
             99       
              99      
               99     
                99    
                 99   
                  99  
                  999 
9999999999999999999999
